 A R N D C Q E G H I L K M F P S T W Y V
A 0.09263714   0.051873367   0.035180278   0.04565238   0.015560116   0.05528185   0.07314572   0.0735563   0.021909581   0.036181215   0.08490915   0.055046674   0.022789616   0.029539386   0.07720712   0.08609631   0.058688406   0.0079843495   0.019908722   0.056852445   
R 0.06877683   0.07557901   0.034272157   0.050483264   0.018499427   0.055222712   0.08635972   0.070136905   0.02343457   0.037625827   0.0853651   0.06026594   0.021648124   0.030221263   0.065464415   0.08162012   0.049305987   0.009577457   0.023305701   0.05283555   
N 0.06890537   0.051627845   0.0510391   0.04957375   0.020280737   0.05520934   0.06785612   0.07225559   0.023190208   0.043960687   0.08451057   0.05728934   0.024406187   0.034689374   0.060537945   0.088353686   0.05606942   0.009400859   0.02499078   0.055853054   
D 0.068888105   0.05495   0.038344868   0.061678227   0.019291317   0.046859484   0.08378025   0.06918178   0.022914313   0.04218722   0.08418794   0.061484583   0.022701278   0.032895226   0.061091207   0.086930975   0.052865747   0.00952433   0.02429229   0.055950858   
C 0.06245282   0.054546326   0.040067688   0.051445596   0.04271089   0.0448459   0.0696351   0.068782434   0.027868368   0.040465035   0.08709952   0.05858505   0.021896655   0.035437774   0.06156307   0.08135406   0.054701548   0.010989912   0.026386222   0.059165988   
Q 0.07098608   0.05438687   0.036269188   0.041445855   0.015348357   0.09646556   0.07792983   0.06716063   0.024306418   0.034280878   0.086636916   0.05439014   0.024387307   0.027914768   0.07384674   0.080026634   0.05608125   0.007588922   0.020219605   0.050328106   
E 0.069531046   0.06047219   0.03277133   0.05430484   0.016512992   0.054901894   0.10815561   0.06232459   0.020851161   0.038117435   0.0864926   0.06904667   0.021018496   0.029325342   0.06078075   0.079617284   0.051559813   0.008304245   0.02078461   0.05512717   
G 0.07319804   0.052227836   0.035323273   0.04570883   0.017728534   0.051247936   0.06535747   0.104789495   0.022358187   0.0346244   0.07716988   0.049243364   0.024270173   0.030346448   0.08315369   0.089705504   0.05952051   0.008553033   0.022083495   0.053389963   
H 0.06517169   0.05444988   0.036552176   0.049126897   0.02202716   0.05902687   0.06927031   0.07086937   0.03263557   0.04091667   0.08954642   0.054402947   0.02325834   0.033616498   0.06924027   0.08522807   0.054634742   0.009938061   0.025285345   0.054802675   
I 0.06784559   0.052294012   0.041658603   0.052046277   0.018654928   0.047754206   0.073330976   0.06605   0.023441859   0.048353415   0.087009646   0.059707213   0.023797477   0.034247603   0.06290025   0.081257984   0.06610638   0.008842519   0.024731562   0.059969634   
L 0.07372528   0.05465219   0.037233055   0.049273737   0.018596312   0.055994213   0.07697999   0.0663576   0.02418708   0.041189723   0.09694212   0.05672173   0.023736289   0.033575006   0.064211056   0.08281037   0.053836614   0.009158941   0.022527577   0.058291107   
K 0.06991153   0.053970378   0.037925374   0.052382015   0.017419433   0.049183946   0.090987824   0.06149359   0.021223072   0.04235617   0.0838493   0.0843925   0.021788789   0.03049718   0.05892062   0.08456697   0.05316678   0.008910815   0.021251515   0.055802148   
M 0.07027258   0.051713485   0.041330397   0.049074065   0.016457371   0.060188208   0.07286768   0.07127298   0.023690052   0.04136625   0.08759312   0.054576036   0.03393182   0.032574266   0.06918766   0.08245299   0.05388267   0.008534728   0.023123005   0.055910643   
F 0.067243025   0.053894255   0.041935947   0.05411135   0.020791315   0.047845867   0.0689493   0.07468381   0.023444604   0.04468178   0.089196175   0.055307962   0.023875449   0.0392715   0.061836775   0.0803369   0.054661445   0.010703739   0.027022867   0.060205895   
P 0.075644605   0.0481574   0.030856844   0.039788444   0.015450891   0.055249743   0.061791617   0.083191104   0.020816676   0.032394055   0.07556845   0.04635048   0.021156544   0.026248679   0.11580243   0.08795385   0.083466254   0.0074187755   0.01906213   0.053631064   
S 0.07457545   0.051694613   0.037075978   0.047475826   0.01790371   0.05068214   0.06940995   0.074854776   0.023082282   0.03714108   0.08127674   0.05557896   0.021944847   0.028305275   0.073593915   0.1099967   0.061689764   0.00756681   0.021729177   0.054421987   
T 0.066030204   0.041962888   0.03321663   0.03974393   0.015286014   0.049061425   0.05933743   0.067505114   0.019938437   0.041552726   0.07003179   0.04825739   0.01909319   0.02598496   0.093926586   0.08166073   0.14601715   0.0069523766   0.018345542   0.056095444   
W 0.06703334   0.058968864   0.040888   0.051467367   0.023711866   0.050043184   0.07474118   0.06865309   0.024586331   0.041074995   0.088820904   0.053678002   0.023001181   0.036039297   0.06260109   0.07785801   0.053938214   0.013832246   0.029122772   0.059940126   
Y 0.065651424   0.05474016   0.040518537   0.05559825   0.02256507   0.049462344   0.06745307   0.07169833   0.02718432   0.04428524   0.08624852   0.055897973   0.0235268   0.036446035   0.063265115   0.0833141   0.052074812   0.010254909   0.031597186   0.05821782   
V 0.07340154   0.051354393   0.03658409   0.04893106   0.018719692   0.048929926   0.07385464   0.06952341   0.022630481   0.04159919   0.087528   0.05785371   0.02271813   0.0326351   0.06901044   0.083836675   0.066154785   0.009126924   0.022982907   0.0626249   

